%Raondom data from 0 to 1. Length= 1000, dimension = 1
0.9361865122607945 0.046042209629268305
0.09826684334154656 0.25836510738484963
0.8926884319684771 0.15872264016688753
0.9971273957569837 0.15161621770420863
0.14429070178519532 0.2795820929495136
0.34016068389771725 0.5965648681697235
0.1587739212292154 0.40450869817772594
0.31151883534221747 0.5766120211492477
0.2645774668234935 0.3833225962113212
0.06853687424296673 0.3107138356680646
0.727361927672 0.8915523670151032
0.4059859598551998 0.6520614467804354
0.9209975300449278 0.02577817179102526
0.21966290658682341 0.3324160203579086
0.699332455308502 0.9154493251152483
0.10076766962095696 0.24715552125421675
0.5018528427883016 0.6327562614195495
0.3974027417997904 0.5835109357358806
0.5593534304422404 0.7083078085900834
0.9906619473359334 0.13939227927098718
0.8049963971101877 0.924037543512919
0.8501578365936199 0.0626255613893687
0.7416432589856405 0.9559342479998099
0.1574711347960961 0.2603450950070058
0.5681026663788237 0.6778636299557957
0.4158869030329647 0.6857059039987806
0.32494470603692593 0.5139201619363548
0.5009164312452556 0.6040043113595942
0.6847903160930484 0.9404201217241701
0.048485469294375694 0.1727155288416729
0.28249166675303483 0.4898181147308421
0.9263028927384719 0.03987957459514235
0.15737817467982784 0.39750221598746827
0.7888066123371246 0.9726885997734304
0.9627495221115295 0.1585937603070613
0.8772160964314148 0.17305037884698327
0.08705562166198111 0.32555030617973657
0.2936039835558837 0.5193248717818575
0.7267109838738163 0.8785419732091964
0.951531890751581 0.09335240984682192
0.2522488821385561 0.4392432951812788
0.2856785055303246 0.40931420985314754
0.917528234101352 0.0748543183036674
0.5890204177139745 0.7558871923367851
0.07596443712352885 0.2528371256852793
0.5385099130957308 0.7955781020884498
0.5882627196447724 0.8580252760578287
0.06882540365406264 0.23504225205627916
0.0328905841998588 0.2724357263501447
0.25865439018981573 0.3876156394806026
0.6635338912453582 0.9442849189499833
0.305100463434158 0.5942097914692746
0.7970385890025747 0.03638214305277199
0.9791896023597119 0.15114150181582797
0.460848195514707 0.6452454976367038
0.1790831685268759 0.41339088449018224
0.6807047972640495 0.9209574680957529
0.3274882795267736 0.4992034161494892
0.747389333760547 0.9939492539424271
0.3958885718777586 0.5168731476506865
0.1655344848334641 0.32857451711985536
0.2806018053553545 0.46696669288582004
0.7580513715960422 0.9745052471228618
0.10430296230245473 0.34316886018314685
0.5764693741971646 0.7756545371270506
0.7715346921517166 0.06235309431423319
0.8504956611464615 0.1225024776846182
0.7678595785734473 0.8994015798698989
0.19935939374623757 0.4973737254921847
0.7596916584095547 0.8847218552088407
0.7230129288225616 0.8633868418928592
0.02547724221623593 0.14232842382939592
0.39302040715233033 0.6864674887209283
0.1287781506753909 0.4037801163042589
0.3709719151576506 0.6559895588772529
0.5299431101787427 0.7281854590816086
0.4965189882869413 0.783279852641339
0.025435825684645308 0.19091035481598156
0.2076355247969115 0.30839435610874744
0.002521199297843668 0.17354413798330864
0.5824653655481788 0.7342453686611492
0.5018940505084754 0.6951022963358147
0.025126059400466194 0.13333112072255948
0.9919672206251221 0.16936552600131294
0.35709611021911425 0.635991273485055
0.5759188845081256 0.8556768684287945
0.721320484098179 0.9102833114005926
0.07623191942812813 0.29044081421773904
0.7579274468525673 0.8822471604973835
0.07134060828746225 0.3439896266179061
0.9684571884989714 0.12149680252589024
0.495133198158922 0.6424046047551455
0.049760737954708034 0.23074983079744782
0.852441077175918 0.1263011147353581
0.24923546856413048 0.42907762519557824
0.45227895743586244 0.6885091575319211
0.46982122212798927 0.7073307609069002
0.31548226990632566 0.5400017989429878
0.9361888848735743 0.060366032425856364
0.5745216997402204 0.7983469329217493
0.7228112673731505 0.964373595856188
0.2506571237553522 0.37537891819126257
0.34011370124281903 0.46877434717503014
0.26722594425448787 0.5607086650531968
0.8766595539869348 0.010829468257757435
0.43774409386623736 0.5551129410834007
0.9033340137050272 0.13727642582972743
0.9536301159421519 0.20276494405341716
0.4597470687756483 0.7309771020580402
0.5887464162628381 0.703690867605949
0.9635842001211724 0.09173565039779064
0.43658366672316073 0.5577582558697222
0.8103917050008141 0.10911592774907786
0.5007976836380377 0.7989241789411635
0.7642906506099916 0.9912596337203935
0.8709411589000762 0.12339352055788955
0.9793721337102145 0.17737896209579662
0.5326145271610053 0.7977585844155662
0.6370333718078552 0.7627684734608339
0.0848941953490101 0.25311419986048034
0.7362727185188297 0.003853592733051636
0.7677781847497204 0.028563476088383943
0.5319692388857127 0.6469646408348897
0.2385226956623413 0.42245176760476066
0.480430206548193 0.7381971965221529
0.47812572670150266 0.6420882102319185
0.32199779380704696 0.42289153951575
0.057846514516018854 0.21263578659697013
0.10726404954505742 0.23193568433727935
0.7505325477646106 0.9132730159389628
0.5564510582801917 0.6782686031214499
0.1326589238001893 0.35365234083904606
0.13077097612918476 0.25063188925056495
0.3903670381046813 0.6861017037534919
0.5900883865488148 0.6927900501643298
0.01642306654466441 0.26893817999337544
0.6129654978277981 0.7951116970711634
0.46489907950197473 0.7536841086701945
0.2631779382326308 0.40157523937625156
0.11651259870416131 0.26389810736472574
0.7010475584423757 0.9489353696686503
0.09994327178261664 0.2657553599328037
0.5584456548011146 0.805957714486768
0.6130778876051519 0.8004330994551466
0.8230782866990097 0.9693013192861359
0.39301827504948295 0.5557796556768192
0.9106732081335696 0.09880064592963356
0.894818811755902 0.9996666108749579
0.8429453821029739 0.038570052494349305
0.5563035675966898 0.6798460938023456
0.09472624433257903 0.2715262979768869
0.2499457319872107 0.41505674042024165
0.7253994292248492 0.993595878758311
0.6526747890064943 0.8595439480401104
0.8677938324506481 0.07004658504573169
0.8006096264713675 0.018081610772063383
0.5119420370395018 0.6500534972807082
0.538098975763154 0.7210049942405681
0.7916208212766752 0.06678278675181248
0.9190826392118722 0.03868539026856044
0.6583474636237119 0.8389473998202994
0.8736707918273213 0.12230016558056067
0.9105139467868362 0.1159614109483118
0.6139703996298833 0.8026725923271859
0.034598660086648914 0.17249124189248088
0.3205713669793264 0.4613784904046121
0.21090316243852103 0.3593739941826323
0.6247375342032951 0.808238328327524
0.13801922267564104 0.25654495315733516
0.28123048029647746 0.45673522780699555
0.03823947449616061 0.2497883384298013
0.21282700507808983 0.38382139851343816
0.3203823582947851 0.5667969301371593
0.7999737388256316 0.09299713082979055
0.8970103745879747 0.15919853544022744
0.8876553746107003 0.16946853151443841
0.07977806180620284 0.30587872444092357
0.48643586879577805 0.7236122083586046
0.3096541740342196 0.4391013610074437
0.5557644444965142 0.7638965378357336
0.7180200350345842 0.8586001030992282
0.5750213745511145 0.8228314745168016
0.6601545631139636 0.8999865305643844
0.8314112119810629 0.9794405150633925
0.9143731807663744 0.1624914143698204
0.48369379430806736 0.7791701907503659
0.19809669236039107 0.37722847589986974
0.4968767333700581 0.6470749684817391
0.016383358126435987 0.21084136509511897
0.485374785564995 0.622536035760061
0.6289656296650845 0.7505666516062218
0.3507757851807528 0.6136959848494046
0.0985902549752865 0.2054171787345987
0.35523435122441094 0.477211827682303
0.9664691384817947 0.08436262709613129
0.9326480249095016 0.07385141243813398
0.08990502645683995 0.3760551060430283
0.10715343180588577 0.23288022473471087
0.5726652956340264 0.8558206807369426
0.8621122511853514 0.07810687811684236
0.5204334137787201 0.7843082187743965
0.18264018226004597 0.425877989984733
0.5616767524559141 0.7383600208102582
0.780864889967633 0.9602350595012555
0.6885263127300395 0.9283397474650472
0.7054809724973121 0.8228671004259358
0.9927725079480052 0.10732567171010787
0.1358040159847409 0.3254157270470057
0.2988382452483934 0.4662485956526341
0.6654075419005046 0.8991104201308011
0.5285988114129108 0.7352259444515612
0.29155999881916717 0.5416339174821078
0.8721757556950245 0.07501539291231119
0.14406166730992453 0.30353948588552054
0.4843399663948913 0.6436835001007115
0.7107141945946895 0.9764639143892303
0.47791628200745506 0.7622557995330407
0.9465381563518495 0.10280149326640031
0.4435908396528554 0.579288077189745
0.189986929132968 0.3214265314441311
0.5897792477170638 0.847969127192213
0.25178802478795037 0.4964736276098125
0.8667218842437387 0.08053788874779477
0.39067587316048635 0.6461070075521118
0.11573052849792775 0.33346961430022476
0.1451625579978597 0.3956316311399746
0.36751810046613387 0.6030574262252879
0.1516262714999308 0.3242212984713861
0.9028012420222856 0.07468765445352998
0.1463797799962735 0.35696039903909443
0.5838732131277136 0.8702791557598676
0.32301398526590963 0.47381790727221124
0.2676025288790035 0.47702875476194734
0.09619464849500303 0.2645942258810577
0.8183202579183199 0.11677658776162958
0.10922299526362056 0.25380321405437795
0.3533172658798185 0.5289775493108266
0.015053970420139895 0.2518738514830329
0.8741798180993611 0.9914361516215765
0.159098213851663 0.45897731912192496
0.36395025284987104 0.4916345849192171
0.7970174979557783 0.05520807958801344
0.7631072756547388 0.9876555621570497
0.891855082104246 0.15576821698652443
0.9766177322709152 0.26137299881861265
0.8522263857889754 0.09222741645589694
0.2098201318494347 0.36775593078411123
0.7969272242170832 8.51768393702601E-4
0.48265774562081365 0.7228028620378293
0.06120031316520114 0.2564172047528994
0.1297867538903993 0.24879523352482882
0.6960332858149396 0.9848448526294402
0.4583428488793816 0.7092309309871303
0.6542443098679254 0.9204176312715572
0.5056579230108355 0.6169707941510193
0.20574420575337715 0.4432592090245625
0.015975551105354202 0.28780246642029467
0.8792468505019161 0.14017836103271875
0.33822220539639347 0.5377980190631433
0.8888323386453086 0.07690365091792373
0.9361489596794375 0.1865137980606688
0.5711502934467982 0.7521551464994538
0.597666439317985 0.7292529378977769
0.8326835063415525 0.02392193449814406
0.2319526906444146 0.4802819841257421
0.9863748488808392 0.15573584854966493
0.35092285907863074 0.5650663348250866
0.6430532689361292 0.9256538793581699
0.9459060881530116 0.15325983574447366
0.5154774726164717 0.6730835189407848
0.4908836499501493 0.675356473186767
0.09144869469116645 0.22850721093704454
0.23039977257939148 0.45458362109715145
0.13732686269694394 0.27858394813078946
0.743264626070458 0.011788442814911981
0.9044169567050563 0.06402776638664487
0.012426570377761181 0.2647406553291043
0.7280758437368964 0.990085244742411
0.8768989074336774 0.14444711182065628
0.43302174514609093 0.5493552419750145
0.7933834338398276 0.9897447556598385
0.588212293604513 0.714116823712686
0.2932421910862626 0.45761170027212217
0.19078908364553837 0.4502523768837833
0.38472518776774967 0.6003065650831243
0.8009700240879184 0.03727548564378158
0.42087063422238635 0.6116190976214293
0.4984035163206447 0.6488947187287545
0.6302518825776776 0.733186783684251
0.2853807179894028 0.5559659435356112
0.5907525941145069 0.7380035121468604
0.7234361124604912 0.9586087643332507
0.41581034498136493 0.6719192126223116
0.6572481778279549 0.8366832499382985
0.3180755927496345 0.5351000183245394
0.8533854565108706 0.1277457969170026
0.5171918324208145 0.7240916468235014
0.2613263536721313 0.39902493072006856
0.1664097883601332 0.33129955165269925
0.39031277981846724 0.5748788854046246
0.0870065984702838 0.2123718194565194
0.9879820551064592 0.21361989999913367
0.6199889864434438 0.883142657562692
0.8053526923431472 0.0975107484861899
0.8313166867847415 0.996465838189607
0.7376239266121059 0.9071620309804904
0.6398906885264019 0.7754396869909627
0.041380603743420785 0.29647978522117363
0.1768084686142568 0.34319695108977716
0.6461785988155919 0.7667355108903766
0.8298962187191186 0.9906047810089286
0.8021181206805263 0.9582518645496853
0.9792858167803213 0.26189177221962034
0.4348956768426736 0.5356199620376695
0.3878123443577106 0.5143912953617346
0.6159577258130368 0.7372853662371218
0.5742653938806815 0.722261670681786
0.49776242607710086 0.6927623260647493
0.26803558724304 0.5452160967197907
0.9127879582722129 0.18065702389291127
0.220455267993646 0.47196681675486374
0.5898096451980248 0.8081033503659653
0.23114036610326738 0.37426011029293194
0.6021001254185222 0.8371357645662543
0.23689799837231962 0.47105026104520875
0.22958987736840752 0.46594604924549043
0.7062724275577008 0.9035329082389735
0.8906584287712197 0.09289271246760777
0.3845596204665669 0.6604297250728415
0.17910921848020533 0.34855360328343976
0.6421286242533579 0.869088518840941
0.32801382610625396 0.476033988054925
0.2931456057079298 0.48163444345317885
0.6144941042966774 0.7721644151889764
0.7723044154953347 0.9365801982010334
0.31814381808819825 0.4721446011636097
0.9839251583400775 0.2649746466857543
0.8506739703191449 0.06761137433723352
0.970790230998788 0.13634147257558737
0.5854986378936637 0.7930303346598777
0.7893450215875615 0.9033311260395862
0.7333615312969985 0.8977333969559481
0.6233981252376881 0.8051811901188628
0.3337356373111222 0.5408455179453562
0.22021417779719465 0.3287525053091348
0.06161156675769952 0.30376633290165206
0.190899706555954 0.3020797739308652
0.08542287676581672 0.20979403680768116
0.5812405030861197 0.8090475566223816
0.6542395198913182 0.7729008410750885
0.3896568802748399 0.664974477761902
0.44099310925766233 0.567590984226379
0.3857007387791429 0.5815600956680024
0.9233812357506094 0.11919474462844537
0.6655264272150874 0.8758209375969807
0.24522960524506676 0.35887266221711855
0.8700250562362354 0.04131410346732123
0.06847519825523218 0.2700275484803424
0.8868198004055174 0.10111859397510004
0.8995649116050275 0.07274225587711913
0.159077405989426 0.4007163865405977
0.2539481523768602 0.550284207098187
0.4320993178587723 0.575087501783958
0.8084738799437271 0.9166388032880695
0.8829129203394062 0.03800441663287324
0.3838857764675927 0.556456063482416
0.0985921267352986 0.29268407258280515
0.1982421393443674 0.4387168360835177
0.29579353797932906 0.45162664992799706
0.3369693581636378 0.6128461903633815
0.5070028560059611 0.7796429383684215
0.7963913711782071 0.9409243530801091
0.19824333586296017 0.437743172552081
0.7749598482540366 0.902066720759391
0.9285068023209572 0.10673308384385716
0.1100425387138032 0.3249664958191698
0.21292453571898673 0.4080337905008416
0.8880106557283305 0.062015801238012314
0.7097041713146489 0.8154149086038098
0.2914983173917096 0.5133424066238413
0.21511557357109568 0.46500129456301786
0.6900901039075252 0.9415213437571021
0.7213173010103696 0.9220865212683554
0.8293260200606652 0.08764286451591796
0.9685725498429135 0.15195738494288946
0.7277950971367687 0.9068393584392821
0.5064115758193364 0.668106144535856
0.5532224344058804 0.6862963196685069
0.26755514293361493 0.494878628526214
0.3158372085167386 0.5911943501202422
0.05392168212624382 0.18277855469727017
0.6909413527753899 0.8039503852968586
0.13579835599735746 0.25332011826700995
0.6624823134690633 0.8795491080292932
0.37326420452831355 0.526492783269861
0.9655655320100495 0.1346767593308924
0.8832113511757025 0.9975741927383395
0.4982250466679985 0.62079149065184
0.2958179380488929 0.48119876885417956
0.9714040944511414 0.10118682252639588
0.07108449514702075 0.3292617810163905
0.07097945300284125 0.2595257556693825
0.17905302715108584 0.3554102285955692
0.3167968022573614 0.5122456678014696
0.6865860416053956 0.8625438769723929
0.6210670281469175 0.8796558969557983
0.43909050803818594 0.5709216757726502
0.27210595543483285 0.39047142002500385
0.07732961178592535 0.283140675359112
0.6992831692203371 0.8519483269290281
0.08747298508678347 0.2984264565231407
0.9111779641101085 0.11270833120065982
0.4467936378786175 0.7023457009129861
0.9413238197182208 0.17776179539036008
0.6979282041638333 0.9092239289248017
0.9845551293829699 0.10516026291386216
0.961374191218097 0.22322267743537005
0.16185291940965751 0.3211315732062776
0.47890643993806736 0.7102028511569572
0.01271922880356624 0.23547251646440617
0.7698523377395793 0.936172450192561
0.8814923316203898 0.021395708518569867
0.3776731544632367 0.5292887651941339
0.3376481039123782 0.5439494093334925
0.48605730102729827 0.6610575715073823
0.6500154621015135 0.8785508338527332
0.3917379410011139 0.6185426007095827
0.12096657021606627 0.25609516799737264
0.9355066574022284 0.05307193738781146
0.779025683103644 0.0035249443801710356
0.5134012625158034 0.6420982439169709
0.5269726458720096 0.7186654135468973
0.21680485082586987 0.3895431178479781
0.3474007545070942 0.5255545333170266
0.9832000807636797 0.21612646888148102
0.578820575916793 0.801416926354204
0.3785812148140333 0.6548547210833064
0.5927848250140946 0.8488539279081293
0.778033654442501 0.9680127048274694
0.4261419686864085 0.6067432940713857
0.2627489157972649 0.4406764877993065
0.052408884878633266 0.2507639884614703
0.5097507438850497 0.7819361651239072
0.012386022074532321 0.2293836344838247
0.3148657294503633 0.47868933664649627
0.06652111161891594 0.3135677784433452
0.1599795678160718 0.3980379217433496
0.3801602829365134 0.6083921286332501
0.41237838480259725 0.522993220973739
0.5077084048711182 0.7821608479169672
0.3269815633933548 0.43236520947684554
0.10285317805575345 0.21355580607271443
0.011531231188882662 0.19938493738620125
0.8493902016521416 0.13976341944984005
0.9103104366127438 0.18477971953423356
0.580819469407474 0.8084480315662501
0.16372083619365574 0.33869366883417923
0.9367659054429486 0.09386202936572663
0.4090575766496787 0.702017214495955
0.19041004349990154 0.43230530496863917
0.20207763472615226 0.41136159941432826
0.07349725132818552 0.2645682889757637
0.2594651647548608 0.46308599774817766
0.5241270757691593 0.6429147073690016
0.14905570838760818 0.3804570349223715
0.2874067394379962 0.4675820444831954
0.8876882077388224 0.15419177798361794
0.21018603196196006 0.36269968271967123
0.14581246346959964 0.39030796536549794
0.8884733471690214 0.08394648992768006
0.40348672980546085 0.700376366532425
0.04976556983413083 0.17019148207360374
0.4541586385435289 0.6079427584154719
0.6824071069159056 0.9087829648589445
0.1106294496268585 0.22105780174969303
0.46022676584615874 0.5790739089878316
0.831860864465891 0.03452649519548423
0.4530831711944411 0.5711924427430088
0.2597900199572566 0.47665924285653394
0.4625827674366958 0.7469887885836495
0.3320771109017767 0.6039795002910817
0.5771173467684391 0.7175118023988577
0.7197173131406986 0.8735143198484768
0.7015002284999833 0.9562896855722146
0.8277069069151232 0.9859662108096434
0.8838638314201674 0.05011196595481615
0.4924608372607907 0.5942363653146292
0.23611363609871472 0.5089312847955505
0.8114373328298393 0.010441618851921408
0.1241164718747737 0.4139254293783824
0.24843252041793373 0.5207388601337284
0.08993404250049197 0.3776821711881285
0.2722660227098048 0.5309428302132015
0.6607951482364617 0.8228910320082312
0.3070862980597664 0.5170949808265176
0.7981331541071991 0.055848240914846414
0.6992824354321922 0.8438131673926991
0.24489795524632674 0.4185029487398684
0.738996480079849 0.9394232854875804
0.44048419450790255 0.5476943554208284
0.5134888050654635 0.6805465415229099
0.9900010017864579 0.2526518585820132
0.5151163847643929 0.7399874022342123
0.8982406943902763 0.14175172644883438
0.4784417528550098 0.690439282878954
0.9085867299082092 0.08694558317934198
0.8789984174677438 0.032697084921010866
0.3232347074975497 0.5091986705817944
0.8904960385830093 0.030737217164507946
0.6234820309168646 0.9006965946954729
0.3677567458202926 0.48719806494385115
0.05747532969449254 0.1695019740069826
0.5994315453641819 0.781465227898313
0.11768757388066031 0.29976415454828614
0.15755392071287866 0.41873829932027895
0.4915289979776932 0.6655065150000392
0.16024492348995178 0.4021271099792457
0.6358794974365198 0.9184384198065835
0.6593927662247133 0.9409981422176538
0.5999627519674513 0.890160590461382
0.6668868458216651 0.9474628087225615
0.10086458968781964 0.20655392707277664
0.5409945375615975 0.6490717748753985
0.14213194216711766 0.30706474301482756
0.06872657601685572 0.2594510491208575
0.6582705317496375 0.8940202704779995
0.6005449160406249 0.7997876356694158
0.7665930832394675 0.9070309151126574
0.020524571121206092 0.25274433041307076
0.2127520093618348 0.32495702002599947
0.16808880293523787 0.45655507797666395
0.5074237165655486 0.6428401856127144
0.56669482726078 0.7107241983278666
0.06899443948877781 0.3536208965877635
0.9603553247546371 0.165924976726326
0.4107301815012663 0.584386120907789
0.21063796563865567 0.5093641157916682
0.04079618338127544 0.1943122795855572
0.5647943470475397 0.833051737793218
0.2796245262977963 0.5363912986985361
0.1699262534804712 0.2860872901444838
0.641510508731799 0.917448643455585
0.9786055591269959 0.1632440854129269
0.7759521063016004 0.9608847517459213
0.8681221755312045 0.07080740946302244
0.21912896961068762 0.3839927439860126
0.8785414938614868 0.13679224270686818
0.3670507353216854 0.5466274694816899
0.9640113260646049 0.09633922582150656
0.1492868037127274 0.310422486027767
0.5472657609958511 0.6842589937455773
0.8558229005269775 0.06767376143727022
0.46903119975469376 0.7053669023268835
0.44947221676748783 0.6564305171922746
0.6320477463885513 0.8294221707128502
0.4824022271364191 0.6732557932230748
0.7536770313503629 0.9711574134262515
0.42772036970964034 0.627540714471901
0.16157491406779823 0.2670559145281324
0.8356954424943382 0.051178961927928146
0.493665942127523 0.7492066232604417
0.22907354358186882 0.4848291494414858
0.49666395604246505 0.6427382524897748
0.06308100344195688 0.20691535610547573
0.856640595213895 0.9770054269290035
0.39308867774620926 0.6539371281301806
0.14065239615688374 0.3018727913116203
0.1165458079409406 0.3005831430510034
0.48019368481611935 0.7391135019544942
0.7856734360014626 0.9255635902185252
0.5852513192307512 0.7751115028714125
0.023541043101148795 0.2839990063460023
0.04199448379602222 0.314728236605492
0.5185322569528373 0.6396246394836733
0.6176409137296255 0.7673665053516254
0.4208386576237114 0.5799915389587827
0.4727986479658405 0.724936218453456
0.7195034463739208 0.8452675080290983
0.764589983494976 0.9175982313434807
0.839669413954045 0.946162658254063
0.11312265801143695 0.39683490048680026
0.2670686263461015 0.5289264580007844
0.7993804834799185 0.09656736703434321
0.48042403050767524 0.7652849094568146
0.36436392604995615 0.661711774513128
0.8523158298835413 0.10260828095410579
0.48731867460385514 0.7097382937957385
0.465198585330316 0.7045220070453533
0.6351481190943039 0.9044688211648356
0.981637458971273 0.24459472273969696
0.9956137515064711 0.17252122257708646
0.8064652668719786 0.9856599948411041
0.6336845997710312 0.8814793874250975
0.7834442978669724 0.8847493718829927
0.6434055904683751 0.8250409014340039
0.5801500679196546 0.8085368540874179
0.30691160361923153 0.4240653891394283
0.7321769858584972 0.02661665225012877
0.9177225532352218 0.05361901805093483
0.04139827740034785 0.16985762140001875
0.9772121054710964 0.24478197750890685
0.6528960295690303 0.7985001927342095
0.9311507481434416 0.08615808519975698
0.6713092990437733 0.8195829174070346
0.47748170366909415 0.6636973286116739
0.6197316770455364 0.8257082147546375
0.7469958705489321 0.028614014440624613
0.3929219719914644 0.5970781416762847
0.3353299142046725 0.5718551479440946
0.611474979591528 0.7161535083267311
0.24771925492483626 0.4097453865438893
0.44473164667012477 0.6892110052698948
0.3071959725654516 0.4491072331235761
0.03759114751301007 0.15149526794552873
0.4724287167373753 0.60132620968707
0.650020079257256 0.8525845730774094
0.8131603640124537 0.9535036122386252
0.4979365033868616 0.7760104633491371
0.5992061368408297 0.7810103139766318
0.07027985254231428 0.34209388363836213
0.07323354515278657 0.2994279019915974
0.38946035508735855 0.5753822339624718
0.9980525527651503 0.20503450713455762
0.2810140363341398 0.3879930354834089
0.9959028465613269 0.14166520940462024
0.2231729804213859 0.33759277943095456
0.03023224025071336 0.2579481243192912
0.7581926387557192 0.9636605633259419
0.11971892245927362 0.3825900841434632
0.7646609487504995 0.8881082052426991
0.5197968995809942 0.6465563651419404
0.11364720977753606 0.28625075905297503
0.15870314698505128 0.41966231908676355
0.36143102360444657 0.49154284353246025
0.07307140771592602 0.20526517005660674
0.1676844703277368 0.39241797406590695
0.9523568536788535 0.25041756081287736
0.07036399832417506 0.3119906332356315
0.6718820794133683 0.8800147758659893
0.0972004847925575 0.23130173971411933
0.8710541082889519 0.1521408643980109
0.44855962678255834 0.724210960476283
0.21630898029783852 0.35798977404670673
0.14757673453298026 0.4169603175568388
0.9775987401577064 0.15340999922582443
0.12085387456099028 0.36785646885171064
0.9427433021191531 0.11029290104244671
0.6466389024259063 0.8824396608695673
0.49572750855991654 0.6146967594114526
0.4872898388945951 0.736930398449803
0.8930313804130385 0.11477045575496447
0.30896012093658576 0.5776658968292927
0.3863400174927415 0.5352130527575817
0.18382345100549835 0.39666083809194136
0.8604860742337127 0.026176224693868155
0.06878960548930213 0.25334839722152125
0.08223717333344094 0.3031898609129804
0.15954543579677016 0.41997964633306406
0.48854725953385236 0.6608619828686785
0.9298881052680835 0.07308123417895573
0.6821490149310026 0.9067761605557478
0.48370047116313875 0.7357931485500172
0.44787259544620084 0.5631819754049775
0.5705511900719876 0.6958301603204365
0.1548334348764273 0.32274549892055726
0.2457850591439834 0.3812324580370196
0.8676394731266259 0.12079847939265842
0.6921019469177644 0.9709930319894924
0.3540269120903784 0.5001977188037336
0.1620052523403831 0.350070778778871
0.44683982050294224 0.5960764618956945
0.3491340677615391 0.4882208984076177
0.895028618010775 0.0564432998678035
0.7513754423479265 0.029495144430079057
0.9213486949410495 0.14075443363144347
0.7497866859654825 0.9241873088730593
0.1936989941672954 0.3022577934979584
0.1947395845950558 0.3174202134309685
0.8125482701174773 0.9610793950396151
0.26433224835491687 0.4284934124876352
0.21865411127130352 0.5136938299529968
0.23999598438226533 0.41253153008546556
0.6332880075488536 0.9005929325256645
0.6303585346226633 0.7908962386295922
0.7574372279831327 0.8676383926201434
0.7668069216543788 0.9692457255002415
0.9769625818144879 0.20775621258713173
0.5928263120917555 0.8320478399433879
0.24744837519749918 0.35830244174541953
0.8740745000715472 0.009775324509879502
0.16548889381496823 0.35560154851575937
0.46728352152648855 0.7599324655272173
0.4724138980990411 0.7118310592861238
0.6034637371408701 0.8854854506935844
0.3819629438908373 0.6805975095432946
0.3645176682674425 0.5341897262309989
0.6751763422445011 0.8162207532024922
0.662254333128347 0.879730068786007
0.46377845793779526 0.7079157001191111
0.06492726222638523 0.18051078265496068
0.8875867723857404 0.08373225376763882
0.758802277074093 0.944355163876065
0.7819879563861057 0.9302861970689477
0.7808939437637917 0.8972954730580538
0.5282800965546162 0.6629856518093331
0.41389257116833145 0.5620564877556352
0.8826878388056869 0.10762945045781747
0.2954361166331413 0.496757477331445
0.5691152233535917 0.7179259134394936
0.36126438827329266 0.6267792986340873
0.816208702995787 0.054652079960990196
0.2154257920699567 0.42266542828585263
0.8210607367318175 0.09084574039424242
0.9005896532758857 0.13434744741893812
0.3298919274283425 0.5835938927487074
0.3276495322649713 0.4869071081312255
0.14030781933300562 0.3666537509357535
0.816186728134723 0.9755096778529662
0.3502340860812071 0.5693139421187285
0.2959948918255835 0.5670644417219723
0.6053914588721266 0.8555752514421998
0.724750079547657 0.023590282111579874
0.43018024688209 0.6039028843370225
0.18804364034575705 0.40718674035085667
0.9661010651302182 0.11147297163011705
0.9653772440249552 0.20893170794963867
0.08734737262210435 0.2080091370160873
0.5693530529298172 0.7639497735543147
0.9149620461143984 0.10297561468077476
0.39517455789014466 0.5723167835224019
0.20895924063821392 0.4660665107434927
0.1537061569095286 0.440387806807694
0.9820693741148253 0.25460142236140415
0.7037226764210075 0.9895578817884354
0.9492740330682534 0.05261068317967865
0.24761282509693483 0.44938674285683083
0.10405442943537568 0.27506435607336743
0.1096831931905633 0.3594405326668393
0.7952857234051671 0.9168719161364698
0.47734237284434666 0.6491252572051887
0.1679664133001023 0.38995040386226626
0.5528276296896829 0.747209076057767
0.7264808209360731 0.992831846791337
0.5367691841755083 0.6926517287367318
0.08084958045934199 0.2959515517371999
0.7447700988405891 0.8757818400567358
0.6444314572317676 0.8019315181105167
0.9443126426575206 0.23378446694136779
0.16579751594230885 0.4538447982039526
0.691684681514887 0.8568831603101024
0.49800610060079553 0.715618265059301
0.047252482495614756 0.23152264035224177
0.9352656543259791 0.03740382188489311
0.5522891549415093 0.7542801420747177
0.7799792626533091 0.9449190180434967
0.7617008876744225 0.8951554166024147
0.5424234820339406 0.7554308033198879
0.9443757768420915 0.07131111138033641
0.3208213711301343 0.4242274673068918
0.7865126855958338 0.9122569839508801
0.46132737516585276 0.6640957813431295
0.06317102494948224 0.35489386547405133
0.5554500613835586 0.6564925871438593
0.2794145234528307 0.5017545444726998
0.19669565493222185 0.3867712299045798
0.22480491379051937 0.40820069576742046
0.6887241426216429 0.8869960262368046
0.23363487297829233 0.3342573987782874
0.07406670143642846 0.2585490479762974
0.6981715425196156 0.9041879268969893
0.4354614391485101 0.6729058152938757
0.043315476136674746 0.2618339472159483
0.4111220282536777 0.6126280626646329
0.9384620693789901 0.09216762163159542
0.2607619638780887 0.4157940949919707
0.9959859656388519 0.09942467377852249
0.6209546593599085 0.7257586451023427
0.5856511332727402 0.7896085127639738
0.2964173039787966 0.5243060114167699
0.6803826230253107 0.8000782178100736
0.04806492692717024 0.23993283726483114
0.8412183576148441 0.9513542051107085
0.3591878174876778 0.5741675892931918
0.5478926878230199 0.6661982778683859
0.587864456221598 0.7775069498926721
0.08638569616796854 0.20844558358829338
0.7467287815217947 0.9327200103398267
0.11590535188451978 0.3389887031787209
0.3904696142048856 0.566944213080985
0.8551524422976865 0.06873549731143491
0.7369466066376515 0.015167662986146135
0.5513508151616492 0.808284391864842
0.1995659703863505 0.39636525928168376
0.5254085794025923 0.7714826974046168
0.9665665187367741 0.23972758450113751
0.6227084252637476 0.78495528582765
0.12712447283178574 0.31209335568738383
0.34140819708737213 0.4881129315800486
0.11469300933273319 0.24886786144772136
0.2587655825265551 0.4780713765004281
0.9147512827569627 0.1793826604615374
0.6308839116096377 0.8613344592753169
0.5671440457958054 0.863822239962801
0.20240808276435707 0.3190156567034036
0.982452022766044 0.12251640786265194
0.3300836500891323 0.5747955178748306
0.9873405733585581 0.13956870847263447
0.4977235868821783 0.6747329626289476
0.8155916594564543 0.9614625814714273
0.18001113189088747 0.34547141508042384
0.9695324718619053 0.1874595069991667
0.7986993738083147 0.0923020733137947
0.4908317067730402 0.6622749700057684
0.20715110119713664 0.43096844416920427
0.20014202963834282 0.33268980114614016
0.7377955220316181 0.9170185407529083
0.39182554614997556 0.518426631470936
0.35196080064175517 0.6439324700574744
0.8030065072938432 0.07379290407406236
0.842674802863698 0.026175674635789292
0.4154534380645336 0.6802636362879388
0.358408613362164 0.5657492875413844
0.7943008165322151 0.011349341177260719
0.7393706020738067 0.9207313813575011
0.21937811789872774 0.34976621051485735
0.287841579409303 0.5517247277831308
0.8229215962107664 0.013097181816343673
0.6301741306648294 0.9170482187003319
0.3117027071951394 0.4578052600727983
0.2704625723095797 0.4199315786505706
0.6221140013437164 0.7826313440913396
0.28452199556898894 0.48089412443955987
0.033511766147705346 0.14108134344698872
0.3576986107514022 0.6159109880151477
0.8481223754834871 0.09887917779954858
0.03116556239503676 0.24589142166804728
0.7350768533353353 0.8359337221073019
0.5887416797860674 0.745416026563606
0.23164621905387062 0.49354006732616273
0.4899034417758631 0.7586016872431192
0.696508066739645 0.9062072207105186
0.6345429777220698 0.8673845606679802
0.21788239309719992 0.43367618675822217
0.03115798755591359 0.29243365401677845
0.5936324775692572 0.8223640286298279
0.6325421344659559 0.8393291863751446
0.5209351274717149 0.776642259238554
0.20167741403882855 0.37256197763175497
0.5598809383825375 0.809028189775033
0.07541254845678613 0.3073317237475782
0.268374989028087 0.5645417300118578
0.6046446664038493 0.754044268022323
0.14496436329573292 0.37815017748963664
0.8671040079677219 0.03282956068063547
0.6617278796123955 0.9253966329750002
0.9724742119271547 0.09532378426871091
0.7211209245154762 0.864979116713872
0.9094639748897951 0.14838158384655675
0.32867561430529013 0.5482190131789773
0.4205780723811875 0.6693053866591325
0.13771527043320408 0.38403018133007283
0.8327188383324107 0.034601188546299344
0.7927490379859221 0.8991710509841586
0.12038245151264604 0.3541923204419655
0.6749709487501326 0.9222344636387771
0.7330960467690628 0.01044354483576626
0.7362951933774793 0.8460016847511637
0.8798759575972379 0.04627112709888381
0.5976174453441422 0.7864590197156638
0.030868761338939232 0.32903502297955656
0.982499550816968 0.2579470178398964
0.3699708718294177 0.5368323291470413
0.8592330894024398 0.12258464985815198
0.812104140198574 0.07123211653136163
0.37224477565317626 0.6482821399060867
0.9849587233155264 0.19541441973946294
0.7580648853540636 0.9233286052718149
0.2673964271476429 0.4290973160790588
0.9615871254718467 0.22671183900272784
0.5753412414489443 0.7015585288903716
0.5951067828964186 0.8420000990902924
0.09086612578641595 0.37147942692570357
0.21563163267702778 0.4287874887688131
0.5413181028978667 0.7672613303771643
0.6352173189900383 0.8293757264521152
0.9527065888911556 0.18388595361771243
0.12458778302582385 0.28953815941735916
0.02521262594070306 0.2923136922759831
0.9220582101709855 0.11088267768859073
0.40855926701207024 0.6748349909472542
0.4177862868519643 0.5285027391063307
0.1911168368302859 0.2947126798860774
0.7476350153196035 0.921277057962421
0.8589986852097904 0.14087401784249187
0.3014387206306387 0.5133511203649158
0.8300368150527343 0.05833411001621758
0.8272209033426463 0.1140046550089342
0.4224086527052995 0.6824532483494157
0.3959210752042759 0.5692817596994156
0.7788199582289934 0.04005350976739552
0.480445219602205 0.662432049464887
0.8345307967110288 0.9628409897630901
0.7983623699235214 0.0013829348942928643
0.8911451107777967 0.17850269666646867
0.36932763967930027 0.570135162077442
0.737966649546564 0.002268381970221389
0.4463198086073471 0.6971455713965384
0.5488570406258834 0.7466497319570882
0.5940395372503314 0.8074330279701536
0.9749147602862848 0.09949134357013434
0.2083216440271296 0.476314884812863
0.9519263049417619 0.19038949370488556
0.19717354092876804 0.39135413365737315
0.7464237247662592 0.8729567531291239
0.3770587276297288 0.6552682012881583
0.6753158625189842 0.8953324963535089
0.37730273548692006 0.6262229281699738
0.751442687154099 0.9137607924631665
0.49100658920723983 0.5931069955365124
0.23103582396250832 0.5239796265814591
0.962610549365398 0.22205385590473625
0.66895048258058 0.842586781307411
0.6602586581499986 0.8866499807921153
0.6236671832140535 0.8654698558521916
0.9453727913356801 0.10794057620447317
0.5964445046501571 0.8628098431616866
0.8223522400225175 0.9815151772025166
0.1376363313519573 0.2400889601155349
0.1280729750809454 0.25762784245099307
0.3080709218145933 0.6019563485785182
0.6038685082994414 0.866478427721036
0.8445209503322815 7.261759226733222E-4
0.18193210398794624 0.34445333314894494
0.44567694644722267 0.7337049928852647
0.7135875811088184 0.8182956800534124
0.5686693483769941 0.7734670022266809
0.6686344050923682 0.9428473309756251
0.0060670413723877825 0.17261772580800605
0.04297996517151781 0.26417659014222955
0.2994135441033332 0.5795087910285559
0.8260299982059338 0.09357732173760369
0.7377437304346665 0.9337874048899519
0.8998159210718257 0.1290972455615904
0.28815827285888784 0.4805874851523569
0.16859587740899196 0.34992528701972864
0.31041462219094906 0.44959000572204305
0.05067341364986444 0.3351388728917022
0.31862645332450024 0.4901023549256466
0.2034365113118135 0.3219851469173234
0.3705468870046863 0.6357289791144858
0.49812652202582997 0.6200407625597484
0.888542684352498 0.992126469180306
0.8126051933991737 0.03626778391042751
0.8462501782271775 0.09875887595138555
0.1683951444100481 0.34215435866321603
0.29103612221564135 0.41049060767657675
0.10252742650970426 0.32780115493484896
0.11476954321902555 0.37727611893974744
0.9352373581187821 0.03898627042489289
0.8340436600337879 0.9701276947143042
0.7713076441279456 0.9819130806611804
0.8958693670506933 0.008964173125228347
0.6558657989410136 0.8065176683758797
0.685995020323976 0.8928656398481698
0.2947004705841967 0.44288408492610004
0.9843897530742537 0.1156807917301168
0.14466917440697336 0.2664875656158651
0.0860606302868665 0.2698557518976239
0.48152780048835253 0.6066579627340785
0.18525646516165717 0.2987746994545157
0.2605200888391245 0.3888273161167825
0.907244017435117 0.1528246568717897
0.19932286223992168 0.3147973007621958
0.06422569424057722 0.33681921992297026
0.5334508237275999 0.73643428043417
0.8105993493074635 0.10633659393728734
0.3209826875014469 0.4668717807780385
0.3776451241004436 0.47795060280816853
0.006477707418412693 0.19947150799472826
0.47885602623744106 0.7632543180724788
0.19321003971881145 0.3684664928836111
0.294512089713149 0.4189980357733155
0.21835590392095428 0.3863815442767035
0.6677310179757432 0.8255854537337536
0.17752621612507324 0.43199793700338596
0.7741105340090362 0.9635933888275701
0.5030455453957451 0.7388015130550526
0.06321072647527959 0.2529023940669092
0.06463575395956822 0.24752498125268158
0.7125078320241328 0.8514478908128643
0.031670509137728176 0.1375670187641182
0.18308293897806482 0.4805225542264606
0.41292473101040794 0.5407427685288755
0.721192599763375 0.9509832223526018
0.27275114359568153 0.4669924900264676
0.8110008697798317 0.009637216387074599
0.1118732367266948 0.23534631544076734
0.6511349962800408 0.907504704797946
0.7964922665947815 0.9046154289343532
0.7013600559771799 0.8115759508436708
