% (Preprocessed) Samples of data set B of the Santa Fe Institute time series contest held in 1991:
%   D. R. Rigney, A. L. Goldberger, W. Ocasio, Y. Ichimaru, G. B. Moody, and R. Mark. Multi-Channel physiological data: Description and analysis. In A. S. Weigend and N. A. Gershenfeld, editors, Time Series Prediction: Forecasting the Future and Understanding the Past, pages 105–129. Addison-Wesley, Reading, MA, 1993.
%
% This extract file uses samples  2350-3550 of this set as utilised in:
%   T. Schreiber, Physical Review Letters, 85, 461–464 (2000).
%
% The first column is heart rate, the second is chest volume, and the third is blood oxygen concentration.
%
83.66 7485 5042 
85.23 12553 4881 
86.87 13031 4822 
88.33 17247 4762 
87.61 12586 4744 
84.34 2529 4651 
83.10 -9355 4550 
84.73 -5641 4432 
86.23 11987 4406 
85.76 14423 4169 
81.92 11082 4038 
77.46 8454 3924 
72.95 6303 3879 
71.79 4798 3693 
75.20 -3033 3874 
77.11 -2375 3902 
75.98 7769 3919 
72.55 10320 4135 
68.75 9010 4404 
66.29 8115 4565 
62.77 7797 4650 
59.55 11770 4858 
59.34 12924 5021 
59.70 4086 5091 
61.52 1484 5119 
63.69 -4813 5209 
67.06 2307 5325 
69.96 9076 5348 
69.04 12391 5388 
67.55 11401 5522 
66.21 9145 5583 
65.41 3821 5632 
65.27 1761 5648 
67.17 1779 5786 
69.58 -1017 5811 
69.74 768 5820 
69.80 2126 5819 
70.79 2715 6084 
71.90 5457 6124 
72.61 7274 6134 
73.37 3187 6157 
74.12 1290 6173 
74.67 2771 6241 
73.70 3105 6254 
72.18 4593 6247 
72.57 4507 6251 
74.00 6740 6291 
75.68 7083 6265 
76.17 5568 6254 
75.16 7004 6245 
73.31 5034 6210 
72.47 6384 6241 
73.03 4283 6243 
73.93 5687 6259 
74.79 4611 6216 
75.16 4817 6213 
77.41 6852 6214 
80.21 7196 6213 
81.69 6649 6145 
82.62 5382 6121 
82.85 5889 6111 
82.87 6003 6112 
81.77 5522 6050 
80.33 6718 6024 
79.68 5919 5999 
79.57 4631 5906 
80.54 4280 5820 
82.13 4834 5773 
84.10 5002 5724 
85.54 5832 5618 
85.85 7195 5514 
85.30 7101 5497 
84.16 5503 5483 
82.62 4673 5352 
80.30 6466 5255 
80.45 3934 5172 
82.37 4996 5045 
83.06 4081 4781 
84.25 5620 4636 
85.47 3937 4572 
85.71 4274 4501 
84.26 5404 4398 
81.16 6894 4325 
78.98 7723 4233 
79.36 6331 4099 
81.29 4443 3828 
82.46 3399 3660 
81.39 1762 3565 
82.10 -970 3411 
84.77 10938 2959 
85.89 13022 2842 
86.68 9984 2787 
85.81 7852 2723 
83.78 -2229 2608 
85.68 -8638 2433 
89.04 -2518 2325 
90.22 8973 2144 
90.69 32740 1818 
90.30 8878 1649 
90.24 1568 1633 
91.04 -1907 1595 
91.76 1926 1647 
92.35 1868 1606 
92.84 -11177 1709 
92.96 -6818 1851 
92.27 10039 2088 
90.49 9766 2446 
90.49 8747 2566 
90.49 8855 2812 
90.49 8745 3222 
90.49 6929 3536 
90.49 8283 3786 
90.49 10386 4317 
90.49 6763 4987 
90.49 5823 5232 
90.49 6433 5283 
90.49 4191 5389 
90.49 3191 5546 
62.20 4251 5756 
61.79 1876 5771 
61.41 5180 5822 
61.43 5931 5857 
61.81 4191 5895 
62.30 3460 5909 
62.83 6739 5923 
63.51 6862 5995 
64.18 6047 6090 
64.38 4838 6085 
64.38 5120 6076 
64.38 5867 6126 
64.62 5689 6149 
66.68 6073 6151 
68.85 4119 6189 
69.81 6221 6177 
71.10 5950 6213 
72.13 5719 6204 
73.00 4293 6184 
73.53 6720 6178 
73.53 5819 6180 
75.70 6978 6177 
78.57 4999 6154 
79.11 4893 6147 
78.65 6374 6076 
78.14 4109 6072 
77.42 5091 6082 
76.10 5747 6046 
74.77 6050 6038 
75.39 6190 6038 
76.28 5378 6010 
75.70 3284 5987 
76.70 5471 5952 
78.61 4665 5930 
79.92 4840 5913 
81.01 5880 5888 
81.06 4871 5844 
80.06 6513 5843 
77.53 5743 5816 
75.58 3829 5736 
76.19 4743 5678 
78.04 4844 5670 
79.93 5151 5603 
81.79 6856 5512 
83.21 6185 5447 
83.26 5045 5425 
82.03 6441 5378 
80.20 6642 5353 
79.73 5472 5286 
81.51 5115 5278 
81.73 6031 5198 
79.81 5659 5030 
77.98 -12489 4869 
76.46 10285 4828 
76.69 9466 4607 
80.36 7071 4481 
84.64 8098 4335 
86.94 -8003 4342 
88.90 -9636 4287 
90.40 -3822 4071 
91.32 17162 3908 
90.95 20903 3892 
88.74 15593 3804 
84.42 9478 3814 
82.06 1409 3634 
83.14 -6061 3600 
84.70 -401 3498 
84.82 15537 3522 
82.10 11724 3457 
76.90 8924 3472 
71.10 8308 3598 
67.52 10161 3773 
69.49 8456 3983 
72.86 6892 3980 
72.44 -5962 4161 
72.90 -1608 4409 
74.90 9250 4499 
72.34 8072 4530 
68.75 7792 4715 
68.23 8475 4887 
67.31 7453 5481 
66.13 4845 5494 
64.13 4897 5689 
61.99 3524 5757 
61.48 6270 5865 
61.86 5673 5856 
62.77 5910 5929 
63.83 3210 5953 
64.22 1825 5977 
64.38 3533 5992 
66.77 6325 6012 
69.17 4958 6041 
69.33 5872 6045 
70.27 5324 6046 
71.78 4934 6070 
72.62 4792 6158 
72.88 5342 6148 
73.26 5642 6151 
73.86 3731 6158 
74.41 4925 6212 
75.00 5054 6248 
75.45 5004 6248 
75.64 6628 6252 
76.08 4619 6252 
76.51 7596 6245 
76.78 6529 6249 
77.34 4794 6251 
78.08 4789 6253 
79.09 5415 6218 
79.24 4272 6222 
78.39 6068 6211 
77.90 4035 6193 
77.49 5542 6146 
77.09 5004 6147 
76.92 4279 6148 
76.57 6532 6118 
75.80 5622 6118 
75.88 5119 6117 
76.28 4896 6081 
75.78 6186 6016 
76.63 4344 5988 
78.58 5463 5983 
79.95 5594 5956 
80.20 5018 5891 
79.41 4778 5820 
78.39 5274 5816 
76.85 4407 5755 
75.61 4202 5652 
78.16 4289 5546 
81.20 4193 5548 
81.44 4609 5452 
81.76 5373 5314 
80.03 5978 5222 
76.91 6721 5234 
75.36 7088 5054 
75.17 6153 4980 
75.55 6080 4863 
78.04 6317 4861 
80.95 4587 4639 
82.00 3900 4473 
83.05 4091 4305 
82.66 5906 4314 
80.50 5034 3971 
78.37 7601 3930 
78.23 6586 3833 
80.31 4703 3839 
80.70 -7935 3699 
81.05 -5462 3373 
83.73 1177 2974 
85.23 16077 2991 
85.23 11218 2841 
84.67 12697 2617 
82.16 5711 2543 
81.86 -8594 2553 
84.44 -2802 2418 
86.03 5090 2322 
86.94 16735 2195 
86.51 13627 2205 
85.08 9194 2014 
82.91 7046 1993 
81.38 6101 1987 
81.32 5003 1992 
82.14 -4592 1747 
82.87 10087 1922 
82.31 9318 2027 
80.34 8438 2027 
76.87 8616 2336 
73.97 9477 2652 
71.95 7998 3085 
71.05 8710 3096 
71.73 8116 3531 
72.52 6126 3914 
73.20 4241 4399 
74.42 3380 4410 
76.58 3810 4896 
78.73 2427 5154 
78.50 3996 5328 
77.03 3643 5339 
76.44 3310 5798 
75.28 4579 5899 
74.68 5564 5951 
75.73 5402 5950 
75.97 4694 6003 
75.23 4743 5982 
75.21 3867 6031 
76.00 2977 6017 
77.18 5917 6051 
76.94 5798 6054 
75.17 4740 6112 
72.80 4907 6106 
71.81 5642 6133 
72.37 5693 6126 
73.04 6393 6116 
73.21 4450 6127 
72.51 4209 6154 
72.39 5339 6145 
72.72 5186 6155 
72.62 4814 6146 
73.73 4882 6126 
76.35 6767 6115 
78.69 5095 6079 
79.54 6348 6089 
79.19 7102 6063 
78.21 6234 5995 
77.46 6016 5993 
77.59 4202 6000 
76.76 4415 5927 
76.13 6757 5859 
78.34 6383 5868 
80.69 5619 5855 
81.52 5304 5743 
82.37 5051 5687 
81.97 5424 5655 
80.26 5803 5653 
78.19 5491 5573 
76.34 5839 5552 
76.08 3611 5392 
78.97 3501 5399 
81.99 4804 5287 
82.72 3928 5128 
83.16 4939 4964 
81.23 5345 4957 
77.95 6370 4856 
74.97 8467 4785 
74.61 5334 4675 
76.94 4307 4673 
78.39 4469 4606 
79.81 5175 4440 
81.16 6690 4171 
80.30 7392 4172 
78.71 6168 3925 
78.30 5040 3870 
78.12 6005 3690 
79.58 5805 3692 
82.40 5063 3443 
83.55 3771 3291 
81.28 5256 3261 
77.64 6573 3261 
77.64 7341 2983 
77.64 -6248 2758 
75.84 -5394 2703 
75.84 290 2691 
75.84 16165 2634 
75.84 12116 2305 
84.28 2500 2207 
84.74 -5830 2200 
86.47 1021 2083 
87.51 15008 1991 
86.53 10860 1760 
84.51 8804 1760 
82.82 2608 1380 
83.47 -7702 1375 
85.48 4582 1237 
86.19 15290 1226 
85.33 11277 1273 
81.96 9474 1339 
78.99 9165 1515 
79.93 5664 1520 
81.37 -4108 1856 
81.15 3763 2195 
81.08 10048 2651 
79.57 8709 2655 
77.08 8916 3190 
74.12 7975 3648 
71.77 8602 4098 
71.09 7443 4118 
70.49 8201 4973 
70.04 4776 5293 
68.71 4382 5493 
67.33 3099 5498 
66.59 3256 5737 
67.51 3439 5833 
70.36 5195 5984 
72.06 4781 6001 
72.17 5007 6012 
70.88 4951 6013 
69.99 4584 6079 
70.49 4948 6078 
70.63 3482 6113 
70.48 5244 6145 
70.78 5072 6151 
71.22 3610 6142 
71.56 5099 6194 
72.13 5419 6218 
72.64 6817 6213 
72.45 6075 6224 
72.32 5947 6209 
72.85 3464 6213 
73.85 3557 6225 
74.93 5244 6222 
76.33 4354 6217 
78.56 6685 6221 
80.66 4415 6186 
81.52 6603 6183 
81.52 4627 6155 
81.37 4564 6145 
80.50 3744 6131 
79.37 4044 6125 
78.92 4242 6082 
79.99 6135 6082 
81.68 4721 6020 
82.43 5081 6017 
82.05 4877 5931 
81.04 5204 5846 
79.83 5374 5809 
77.43 5251 5820 
75.26 5965 5753 
74.66 7737 5673 
77.60 7023 5625 
80.65 6087 5615 
80.69 6543 5531 
81.35 5004 5413 
80.80 7426 5349 
78.64 6305 5346 
78.64 5734 5287 
78.64 4818 5210 
78.64 5315 5085 
75.19 4841 5080 
77.96 5309 4984 
79.04 5630 4737 
78.64 2345 4580 
77.58 -7098 4572 
77.09 -5314 4471 
78.85 11571 4332 
82.01 13300 4305 
83.07 11319 4312 
82.55 8180 4206 
82.04 6636 4094 
81.69 6081 3910 
84.13 -2482 3892 
87.48 -3935 3514 
88.26 6374 3442 
88.79 11043 3383 
88.73 10699 3372 
86.88 8680 3354 
83.55 7823 3348 
80.77 4460 3422 
80.47 -2432 3419 
81.90 -1731 3489 
82.66 7247 3624 
79.97 9054 3761 
79.97 10163 3759 
79.97 9863 3963 
79.97 7311 4233 
79.97 6706 4497 
79.97 5235 4502 
79.97 4552 4881 
66.09 2964 4989 
69.88 2064 5135 
73.41 1747 5149 
73.95 6037 5327 
71.91 7468 5396 
68.90 7391 5454 
66.45 7025 5454 
64.71 6736 5522 
64.99 5648 5625 
65.54 6048 5677 
66.41 5743 5697 
66.79 5867 5756 
66.50 4933 5783 
66.83 3304 5826 
67.43 9390 5818 
66.40 8410 5897 
65.23 6890 5917 
65.22 7134 5964 
65.26 7364 5948 
65.40 5341 5988 
66.00 4181 6082 
67.03 3718 6077 
68.00 900 6084 
68.62 3984 6141 
69.42 3388 6189 
69.99 2676 6181 
69.69 2140 6174 
69.61 2087 6183 
69.94 3380 6215 
72.54 2493 6220 
75.94 2078 6205 
78.13 2608 6210 
79.67 3831 6208 
79.86 3214 6177 
78.94 4127 6177 
76.79 5841 6189 
74.85 6913 6182 
74.06 6391 6157 
73.42 6390 6140 
72.36 5256 6119 
73.17 7079 6078 
75.15 6630 6046 
76.53 6957 6053 
78.37 7130 6019 
79.85 5953 5933 
79.20 6829 5917 
78.38 6253 5921 
78.60 6021 5850 
76.60 7272 5753 
75.56 6762 5664 
77.52 6141 5659 
80.17 6280 5536 
82.22 5394 5467 
82.94 4890 5374 
82.38 3919 5357 
82.38 3157 5245 
82.38 6802 5176 
82.38 6665 5103 
82.38 1875 5068 
72.65 -142 4917 
79.97 1211 4704 
83.72 16966 4536 
84.41 11965 4500 
82.36 10041 4301 
79.62 7448 3967 
75.46 6572 3912 
73.26 2278 3890 
76.55 -1057 3788 
80.61 -1445 3749 
82.55 19214 3656 
83.76 14252 3620 
82.39 5002 3380 
79.34 638 3366 
76.59 -688 3275 
76.92 856 3249 
79.37 1307 3365 
79.43 6229 3561 
76.36 4516 3655 
72.67 3535 3688 
69.41 3237 3932 
67.73 4402 4126 
69.47 6180 4330 
70.11 7039 4400 
68.98 5851 4812 
67.63 7098 4956 
66.57 5944 5083 
66.82 5968 5146 
67.47 6057 5374 
68.40 6064 5483 
69.94 4977 5527 
71.61 6433 5535 
74.16 6023 5613 
76.09 5225 5686 
76.04 4290 5709 
76.02 6152 5730 
76.28 5107 5786 
75.27 6169 5858 
74.35 5903 5855 
74.53 5206 5848 
74.14 5420 5925 
73.64 4983 5930 
73.76 5257 5940 
74.01 4251 5965 
74.21 5097 5929 
75.21 5562 5921 
76.49 4843 5928 
77.28 5127 5919 
79.62 5395 5888 
81.84 5395 5859 
82.29 5343 5850 
82.64 6275 5858 
82.17 5258 5828 
80.82 5462 5787 
79.56 5479 5764 
78.63 6142 5751 
78.02 6067 5724 
77.33 4980 5651 
77.18 1731 5609 
77.77 -463 5582 
80.80 2335 5478 
83.98 23349 5432 
84.57 11735 5373 
83.31 9089 5366 
83.31 6056 5272 
83.31 6511 5151 
83.31 1088 5095 
77.43 -2306 5039 
78.12 -2858 4878 
80.12 -2 4786 
82.73 9073 4664 
83.33 8278 4567 
79.97 9402 4574 
74.94 10686 4578 
70.42 4805 4575 
68.32 2721 4576 
69.75 1458 4596 
71.85 4139 4640 
73.51 4013 4678 
73.46 4554 4706 
71.60 5560 4920 
68.80 5559 5014 
67.45 11483 5078 
67.30 8741 5144 
68.68 10713 5392 
70.09 1789 5398 
70.09 466 5433 
70.98 -17 5473 
72.52 2008 5596 
74.74 3294 5643 
76.35 4382 5676 
76.26 5940 5709 
75.84 4851 5782 
75.46 4875 5807 
75.38 5046 5828 
75.26 5506 5863 
75.07 5484 5872 
75.00 6494 5976 
74.92 5978 5989 
74.74 5541 5991 
75.08 5092 5969 
75.69 5521 5976 
75.99 5579 5972 
77.17 6043 5967 
78.95 6212 5978 
80.83 5744 5977 
81.82 6177 5964 
81.47 5878 5937 
80.74 6065 5921 
79.77 7073 5850 
79.18 6087 5830 
79.19 4456 5805 
79.93 4484 5746 
81.04 5897 5676 
82.69 6713 5665 
83.80 6451 5644 
83.58 5175 5525 
82.89 6173 5458 
80.04 5209 5434 
76.89 5753 5377 
75.19 5899 5307 
76.45 5539 5210 
79.74 4809 5152 
81.17 6176 5085 
82.18 4423 5016 
82.70 4904 4869 
81.60 5101 4851 
79.00 4245 4788 
77.13 4870 4701 
77.51 5078 4585 
79.31 4548 4548 
80.96 5346 4446 
81.25 4116 4299 
81.25 16236 4090 
81.25 7950 4034 
81.25 538 3940 
81.25 -5707 3815 
70.94 -4008 3821 
78.24 6702 3817 
81.41 6701 3818 
83.70 11700 3757 
84.81 10711 3486 
83.76 5719 3441 
83.74 -5621 3343 
85.44 -2845 3269 
86.99 5326 3008 
87.72 14843 2993 
86.94 12773 2950 
85.32 8245 2944 
83.45 6775 2740 
82.21 4775 2740 
82.19 -2576 2726 
82.62 -214 2636 
81.75 7217 2808 
77.01 8664 2839 
70.02 8896 2939 
64.44 7854 3188 
61.35 6608 3517 
59.70 6350 3593 
58.65 6216 3834 
58.21 6652 4094 
57.99 6913 4351 
59.00 5803 4513 
60.78 5546 4980 
61.73 3800 5186 
62.11 6035 5355 
61.96 5705 5379 
61.58 6029 5506 
62.60 4989 5601 
64.05 5573 5667 
64.50 5928 5689 
64.66 6276 5698 
64.95 6631 5775 
65.41 9606 5925 
66.28 9272 5938 
67.77 7771 5974 
69.66 5836 5980 
72.58 4046 6044 
75.13 -172 6030 
76.20 3566 6038 
76.31 1525 6031 
75.92 2068 6068 
75.38 2277 6071 
75.08 3043 6099 
75.26 3795 6104 
74.78 6177 6067 
74.20 5960 6063 
74.99 4834 6104 
75.31 6678 6101 
74.56 6770 6062 
74.80 5782 6070 
76.05 6358 6068 
77.85 6188 6066 
79.49 5348 6046 
79.74 5418 6039 
78.79 6033 6002 
77.46 4481 5999 
76.56 5188 5967 
76.04 4414 5963 
76.29 5683 5935 
77.23 4934 5910 
78.71 5974 5906 
80.33 5509 5906 
81.16 4261 5837 
81.27 5904 5743 
81.08 6504 5704 
80.50 5612 5697 
77.46 5296 5675 
75.69 5373 5540 
76.88 6454 5429 
78.17 5509 5430 
79.97 6027 5342 
81.93 4685 5193 
82.87 5439 5134 
82.87 5269 5137 
82.79 5555 5108 
82.34 4532 5047 
81.65 4591 4940 
81.58 5182 4938 
83.05 5580 4812 
84.08 4650 4635 
84.02 5877 4456 
84.45 5775 4459 
84.45 4592 4160 
84.45 3903 4066 
84.45 4776 3837 
84.45 5440 3828 
79.28 6457 3714 
80.49 5371 3619 
77.21 5166 3520 
71.52 14537 3494 
71.52 8821 3244 
71.52 -4195 2800 
69.18 -7707 2558 
69.18 -2802 2557 
69.18 1398 2412 
69.18 14669 2323 
69.18 14588 2228 
83.34 9744 2216 
81.86 5384 1946 
82.02 -9080 1842 
83.52 -4884 1707 
84.65 10688 1695 
84.07 12004 1601 
81.19 10048 1532 
78.00 8431 1529 
74.90 7740 1533 
74.38 5705 1663 
77.85 -1048 1392 
80.21 2949 1575 
79.09 8106 1578 
75.75 9113 1739 
70.50 8009 2123 
66.21 7432 2598 
64.23 7406 2616 
63.41 6952 3148 
63.16 7687 3732 
63.09 7266 4536 
64.18 6659 4542 
65.41 5792 4989 
66.28 7618 5599 
67.36 3340 5788 
68.28 2505 5776 
68.92 3482 5894 
69.07 2795 5910 
70.70 2700 5987 
72.74 3727 5987 
74.10 5410 6051 
75.94 6064 6127 
77.33 6193 6119 
77.95 5301 6110 
78.38 6161 6147 
78.82 7065 6176 
79.40 5827 6181 
79.91 4602 6189 
80.24 5145 6216 
81.66 5475 6171 
82.44 5075 6217 
81.73 5051 6213 
81.26 4372 6225 
81.23 4718 6186 
81.31 5922 6181 
80.73 5316 6178 
80.06 5652 6194 
79.94 5387 6144 
80.31 5025 6148 
80.65 5038 6159 
80.25 5979 6138 
78.58 5982 6118 
75.65 4715 6082 
73.26 5198 6079 
73.58 5629 6081 
74.79 5300 6054 
75.16 5655 6050 
76.86 5544 6056 
79.12 4097 6011 
80.93 4478 5982 
81.41 6496 5925 
80.52 4919 5924 
79.77 5759 5815 
78.50 5672 5786 
77.59 5119 5708 
77.84 4432 5710 
79.25 5208 5613 
80.98 4157 5509 
82.23 4610 5412 
83.06 6134 5418 
82.94 5103 5341 
82.07 6223 5289 
79.41 5311 5152 
76.50 4600 5149 
74.62 4708 5122 
75.81 4409 4886 
79.08 5586 4597 
80.58 6499 4610 
81.08 6501 4474 
80.28 5884 4256 
77.24 5173 4138 
74.39 5793 4148 
73.56 4416 4069 
76.56 5541 3899 
79.36 3680 3563 
78.52 -941 3538 
80.92 1128 3487 
83.75 28058 3182 
83.80 10461 2707 
83.80 5287 2710 
84.12 2922 2423 
85.14 1877 1917 
87.30 -9680 1723 
89.25 -7300 1699 
89.94 10078 1265 
90.11 11707 1296 
89.69 9761 579 
88.11 6645 574 
87.09 615 503 
87.48 -2684 566 
87.72 1611 755 
87.32 8511 751 
85.14 10061 879 
85.14 9666 1083 
85.14 8476 1466 
85.14 8694 1475 
85.14 6572 1751 
85.14 5097 2134 
85.14 5712 2574 
85.14 4884 2581 
85.14 4900 3367 
71.85 4827 3768 
74.19 2888 4434 
73.13 5520 4434 
70.68 7431 5548 
68.23 6434 5783 
66.72 5480 5914 
66.03 5742 5925 
67.49 5639 5980 
68.34 5349 6000 
67.12 3855 6047 
66.54 5528 6060 
66.84 6492 6071 
68.32 4319 6151 
69.98 5096 6139 
69.55 4644 6150 
68.55 2752 6177 
67.78 3703 6214 
67.02 4907 6211 
66.57 5911 6211 
65.23 6616 6224 
63.69 6042 6239 
63.29 5175 6254 
63.29 4352 6245 
65.18 4249 6261 
67.19 5580 6220 
67.44 5024 6219 
67.69 5144 6213 
68.00 5976 6185 
68.99 5977 6147 
70.28 6083 6076 
72.57 5821 6083 
75.14 5849 6070 
77.22 5706 6005 
79.55 5916 5952 
80.62 6263 5939 
80.23 6161 5849 
79.44 5750 5853 
78.07 4966 5779 
74.75 4849 5782 
72.80 4203 5736 
73.34 4202 5678 
74.46 5483 5660 
76.12 5749 5668 
77.90 5383 5542 
79.13 5388 5453 
79.11 5445 5425 
78.51 6657 5420 
77.28 4449 5367 
75.89 5829 5183 
74.25 5286 5092 
75.13 5162 5087 
78.30 5443 4955 
80.08 5625 4824 
81.35 5023 4689 
81.99 6155 4674 
79.82 4316 4586 
75.60 6091 4547 
72.28 5677 4457 
72.60 4950 4458 
75.33 5986 4310 
78.82 3673 4073 
80.35 2574 3670 
80.17 369 3664 
82.03 1322 3347 
83.54 23109 3221 
83.56 14740 3192 
83.08 5393 3190 
81.29 2195 3095 
81.08 -2814 2950 
83.68 -4546 2744 
86.11 6814 2748 
87.58 14647 2613 
87.63 9250 2468 
86.51 15059 2421 
84.12 4401 2415 
83.57 -4364 2332 
85.66 -6093 2371 
86.71 -2742 2405 
86.16 12700 2409 
84.22 9799 2545 
80.48 8909 2710 
80.48 7046 2871 
80.48 3335 2884 
80.48 3095 3043 
80.48 288 3372 
71.62 -14 3758 
71.01 2799 3773 
67.91 3408 4444 
65.55 4852 4626 
63.99 10163 4976 
64.40 5042 5000 
64.81 9108 5204 
64.13 6511 5335 
63.92 12776 5447 
65.18 2434 5459 
65.55 59 5819 
64.42 1809 5851 
65.40 3144 5892 
68.04 3748 5888 
69.54 4887 5955 
70.22 7663 5977 
71.65 5668 5985 
73.64 7414 5987 
75.30 7823 6002 
76.68 6354 6012 
77.42 6689 6053 
77.87 6057 6050 
78.12 6827 6053 
78.01 6393 6061 
77.60 4682 6045 
76.88 3932 6059 
76.33 4738 6002 
76.37 4820 6004 
76.65 6074 5993 
76.88 5167 5985 
77.76 6424 5972 
79.19 5951 5943 
80.43 6111 5910 
79.98 6385 5919 
79.05 6197 5887 
79.26 4958 5850 
78.75 5763 5813 
78.12 5191 5809 
78.12 5652 5821 
79.50 5239 5747 
81.07 6176 5722 
81.40 5633 5704 
82.18 5738 5658 
81.93 5080 5612 
80.15 4936 5544 
80.15 5373 5539 
80.15 4862 5497 
80.15 4954 5419 
76.31 4448 5294 
80.55 4396 5284 
81.81 4731 5154 
82.52 4694 5051 
81.78 15788 4950 
78.12 13524 4951 
74.73 12903 4898 
73.91 2025 4820 
76.74 -3706 4610 
79.50 -4866 4609 
80.05 -2789 4398 
82.60 8360 3920 
85.27 19720 3779 
84.95 9052 3768 
81.94 4009 3664 
76.91 499 3379 
74.12 -801 3313 
77.42 -5157 3311 
81.73 -674 3285 
83.43 16200 3113 
84.39 22677 2681 
83.77 15564 2653 
81.33 8319 2613 
77.81 -273 2568 
78.06 -2398 2546 
80.19 -1629 2549 
78.47 5693 2753 
72.21 6321 2827 
66.08 9068 3002 
65.98 5678 3034 
67.82 260 3285 
70.75 -1256 3557 
73.17 399 3771 
73.17 8107 3793 
70.26 4231 4066 
66.85 7807 4823 
66.07 10969 5112 
65.63 9467 5138 
64.93 10779 5462 
64.90 9668 5581 
66.34 9313 5708 
67.53 7412 5729 
67.99 7619 5784 
69.93 5835 5861 
72.04 4591 5936 
72.26 1779 5950 
72.29 3479 5957 
72.64 5306 5957 
73.12 3220 5983 
73.48 1593 5985 
73.53 5142 5993 
73.12 -130 5986 
72.41 2666 5983 
73.27 -382 5991 
75.01 -849 5935 
76.66 284 5917 
78.51 1349 5929 
79.38 2769 5923 
79.00 5109 5898 
78.38 5887 5818 
78.14 7047 5786 
77.88 7113 5794 
77.08 6955 5751 
76.17 7490 5714 
76.81 7749 5667 
78.38 8631 5659 
79.64 7749 5581 
80.66 7374 5476 
80.84 5484 5396 
80.36 6466 5377 
79.33 6114 5314 
78.32 5830 5212 
77.91 5874 5108 
77.92 7388 5090 
78.78 6472 5017 
80.27 6361 4811 
81.51 5843 4686 
81.51 6675 4641 
80.65 6545 4471 
80.43 6116 4408 
80.65 7225 4339 
80.66 6639 4344 
81.10 6063 4076 
81.90 5252 3939 
82.45 5061 3835 
81.63 10293 3809 
79.24 12459 3593 
77.03 9630 3460 
76.97 -127 3354 
78.79 -417 3316 
80.94 -1073 3221 
82.68 -522 2983 
83.90 9403 2846 
84.90 20269 2791 
85.52 6891 2721 
82.71 1488 1871 
79.29 -720 1638 
79.98 -2805 1556 
81.78 -3514 1455 
82.98 5140 1341 
84.12 20837 1280 
84.53 14864 1232 
83.84 8244 1062 
82.94 -337 1060 
83.87 -1339 1108 
84.49 -4063 1132 
83.48 5025 1243 
83.97 12144 1369 
83.86 8960 1480 
81.80 7304 1538 
78.58 7950 1747 
77.27 4938 1886 
78.27 -986 2009 
78.53 732 2087 
75.44 4956 2506 
75.44 3981 3210 
75.44 4424 3467 
75.44 6346 3616 
75.44 3550 4176 
75.44 4792 4660 
70.08 5407 4792 
70.75 3820 4888 
70.75 5312 5790 
70.75 5632 5953 
71.43 5276 6004 
73.18 6370 6018 
74.40 6496 6052 
74.38 7189 6085 
73.17 5337 6106 
72.38 5256 6112 
72.90 5620 6144 
72.72 4792 6115 
72.36 5554 6128 
73.17 5395 6145 
74.64 5411 6150 
75.96 5583 6145 
75.21 5922 6138 
74.10 7218 6110 
74.65 6371 6120 
75.44 5617 6082 
76.13 5663 6089 
76.85 5206 6087 
77.71 6351 6062 
78.42 5413 6015 
79.47 5236 5987 
79.44 5262 5961 
78.21 6301 5921 
77.94 5235 5866 
78.01 5862 5840 
77.81 4492 5780 
79.84 3806 5726 
82.33 4090 5663 
83.11 4966 5590 
84.37 5652 5523 
85.23 5610 5492 
84.71 5517 5414 
82.86 4995 5408 
80.82 6103 5396 
79.95 5697 5287 
79.79 5253 5161 
80.84 5454 5073 
82.47 5559 4976 
83.66 6476 4861 
84.71 5442 4675 
83.91 5145 4662 
81.40 5107 4644 
78.15 5200 4616 
75.49 6251 4369 
74.00 6273 4322 
74.21 5979 4249 
75.18 3726 4030 
73.97 -713 3901 
75.41 187 3786 
75.41 9926 3667 
75.41 11250 3425 
75.41 9414 3310 
75.41 7126 3308 
80.74 -717 3277 
81.63 -3268 3148 
84.12 367 2911 
86.46 3903 2828 
87.95 14715 2711 
87.13 14219 2340 
85.09 10786 2298 
83.49 6831 2313 
81.42 4285 2334 
79.13 4322 2271 
77.61 8491 2407 
78.01 -355 2462 
79.75 -2578 2568 
79.26 4580 2613 
75.25 7638 2776 
70.13 7858 2882 
66.93 6288 3089 
65.75 5407 3302 
64.83 5556 3920 

